[515, 393], [355, 393], [515, 463], [355, 393], [435, 393], [355, 463], [355, 603], [355, 463], [435, 463], [515, 533], [595, 603], [515, 533], [595, 393], [435, 533], [595, 533], [515, 603], [595, 393], [595, 393], [435, 533], [595, 533], [515, 603], [595, 393], [515, 533], [595, 603], [515, 533], [595, 393], [435, 533], [595, 533], [515, 603], [595, 393]
[515, 393], [355, 393], [515, 463], [355, 393], [435, 393], [355, 393], [515, 463], [355, 393], [435, 463], [515, 533], [595, 603], [515, 533], [595, 393], [435, 533], [595, 533], [515, 603], [595, 393], [595, 393], [435, 533], [595, 533], [515, 603], [595, 393], [515, 533], [595, 603], [515, 533], [595, 393], [435, 533], [595, 533], [515, 603], [595, 393]
[515, 393], [355, 393], [515, 463], [355, 393], [435, 393], [355, 463], [355, 603], [355, 463], [435, 463], [515, 533], [595, 603], [515, 533], [595, 393], [435, 533], [595, 533], [515, 603], [595, 393], [595, 393], [435, 533], [595, 533], [515, 603], [595, 393]
[515, 393], [355, 393], [515, 463], [355, 393], [435, 393], [355, 393], [515, 463], [355, 393], [435, 463], [515, 533], [595, 603], [515, 533], [595, 393], [435, 533], [595, 533], [515, 603], [595, 393], [595, 393], [435, 533], [595, 533], [515, 603], [595, 393]
[435, 393], [355, 393], [515, 463], [355, 393], [435, 463], [595, 393], [435, 533], [595, 533], [515, 603], [595, 393], [515, 533], [595, 603], [515, 533], [595, 463], [595, 393], [435, 533], [595, 533], [515, 603], [595, 393]
[595, 393], [435, 533], [595, 533], [515, 603], [595, 393], [515, 393], [355, 393], [515, 463], [355, 393], [595, 393], [435, 533], [595, 533], [515, 603], [595, 393], [595, 393], [435, 533], [595, 533], [515, 603], [595, 393], [515, 533], [595, 603], [515, 533], [595, 393], [435, 533], [595, 533], [515, 603], [595, 393]
[595, 393], [435, 533], [595, 533], [515, 603], [595, 393], [355, 393], [515, 463], [355, 393], [595, 393], [435, 533], [595, 533], [515, 603], [595, 393], [595, 393], [435, 533], [595, 533], [515, 603], [595, 393], [515, 533], [595, 603], [515, 533], [595, 393], [435, 533], [595, 533], [515, 603], [595, 393]
[595, 463], [515, 533], [595, 603], [515, 533], [595, 393], [435, 533], [595, 533], [515, 603], [595, 393], [595, 393], [435, 533], [595, 533], [515, 603], [595, 393], [515, 533], [595, 603], [515, 533], [595, 393], [435, 533], [595, 533], [515, 603], [595, 393]
[515, 393], [355, 393], [515, 463], [355, 393], [595, 393], [435, 533], [595, 533], [515, 603], [595, 393], [595, 393], [435, 533], [595, 533], [515, 603], [595, 393], [515, 533], [595, 603], [515, 533], [595, 393], [435, 533], [595, 533], [515, 603], [595, 393]
[595, 393], [435, 533], [595, 533], [515, 603], [595, 393], [515, 533], [595, 603], [515, 533], [355, 393], [515, 463], [355, 393], [595, 393], [435, 533], [595, 533], [515, 603], [595, 393], [515, 533], [595, 603], [515, 533], [595, 393], [435, 533], [595, 533], [515, 603], [595, 393]
[435, 393], [355, 393], [515, 463], [355, 393], [435, 463], [595, 393], [435, 533], [595, 533], [515, 603], [595, 393], [515, 533], [595, 603], [515, 533], [595, 463]
[435, 463], [515, 533], [595, 603], [515, 533], [595, 393], [435, 533], [595, 533], [515, 603], [595, 393], [595, 393], [435, 533], [595, 533], [515, 603], [595, 393], [515, 533], [595, 603], [515, 533], [595, 393], [435, 533], [595, 533], [515, 603], [595, 393]
[515, 393], [355, 393], [515, 463], [355, 393], [435, 393], [355, 463], [355, 603], [355, 463], [595, 393], [435, 533], [595, 533], [515, 603], [595, 393]
[355, 463], [355, 603], [355, 463], [355, 393], [515, 463], [355, 393], [435, 463], [515, 533], [595, 603], [515, 533], [595, 393], [435, 533], [595, 533], [515, 603], [595, 393]
[515, 393], [355, 393], [515, 463], [355, 393], [435, 463], [355, 463], [355, 603], [355, 463], [595, 393], [435, 533], [595, 533], [515, 603], [595, 393]
[435, 393], [355, 393], [515, 463], [355, 393], [435, 463], [515, 533], [595, 603], [515, 533], [595, 463]
[515, 393], [355, 393], [515, 463], [355, 393], [595, 393], [435, 533], [595, 533], [515, 603], [595, 393], [515, 533], [595, 603], [515, 533], [595, 393], [435, 533], [595, 533], [515, 603], [595, 393]
[595, 393], [435, 533], [595, 533], [515, 603], [595, 393], [515, 533], [595, 603], [515, 533], [435, 463], [355, 463], [355, 603], [355, 463], [595, 393], [435, 533], [595, 533], [515, 603], [595, 393]
[595, 463], [515, 533], [595, 603], [515, 533], [595, 393], [435, 533], [595, 533], [515, 603], [595, 393], [515, 533], [595, 603], [515, 533], [595, 393], [435, 533], [595, 533], [515, 603], [595, 393]
[595, 393], [435, 533], [595, 533], [515, 603], [595, 393], [515, 533], [595, 603], [515, 533], [355, 393], [515, 463], [355, 393], [595, 393], [435, 533], [595, 533], [515, 603], [595, 393], [515, 533], [595, 603], [515, 533]
[435, 603], [515, 533], [595, 603], [515, 533], [435, 463], [355, 463], [355, 603], [355, 463], [595, 393], [435, 533], [595, 533], [515, 603], [595, 393]
[515, 533], [595, 603], [515, 533], [595, 393], [435, 533], [595, 533], [515, 603], [595, 393], [595, 393], [435, 533], [595, 533], [515, 603], [595, 393], [515, 533], [595, 603], [515, 533], [595, 393], [435, 533], [595, 533], [515, 603], [595, 393]
[595, 393], [435, 533], [595, 533], [515, 603], [595, 393], [355, 393], [515, 463], [355, 393], [435, 393], [355, 463], [355, 603], [355, 463], [595, 393], [435, 533], [595, 533], [515, 603], [595, 393]
[595, 393], [435, 533], [595, 533], [515, 603], [595, 393], [355, 393], [515, 463], [355, 393], [595, 393], [435, 533], [595, 533], [515, 603], [595, 393], [515, 533], [595, 603], [515, 533], [595, 393], [435, 533], [595, 533], [515, 603], [595, 393]
[515, 393], [355, 393], [515, 463], [355, 393], [435, 463], [515, 533], [595, 603], [515, 533], [595, 393], [435, 533], [595, 533], [515, 603], [595, 393]
[595, 393], [435, 533], [595, 533], [515, 603], [595, 393], [515, 393], [355, 393], [515, 463], [355, 393], [435, 463], [515, 533], [595, 603], [515, 533]
[515, 393], [355, 393], [515, 463], [355, 393], [435, 463], [515, 533], [595, 603], [515, 533], [595, 463]
[435, 393], [355, 393], [515, 463], [355, 393], [435, 463], [515, 533], [595, 603], [515, 533], [595, 393], [435, 533], [595, 533], [515, 603], [595, 393]
[435, 393], [355, 393], [515, 463], [355, 393], [515, 533], [595, 603], [515, 533], [435, 463], [595, 393], [435, 533], [595, 533], [515, 603], [595, 393]
[595, 393], [435, 533], [595, 533], [515, 603], [595, 393], [515, 393], [355, 393], [515, 463], [355, 393], [595, 393], [435, 533], [595, 533], [515, 603], [595, 393], [595, 393], [435, 533], [595, 533], [515, 603], [595, 393]
[595, 393], [435, 533], [595, 533], [515, 603], [595, 393], [515, 533], [595, 603], [515, 533], [355, 393], [515, 463], [355, 393], [595, 393], [435, 533], [595, 533], [515, 603], [595, 393], [355, 533]
[595, 393], [435, 533], [595, 533], [515, 603], [595, 393], [355, 393], [515, 463], [355, 393], [435, 463], [515, 533], [595, 603], [515, 533], [595, 393], [435, 533], [595, 533], [515, 603], [595, 393]
[435, 603], [515, 533], [595, 603], [515, 533], [595, 393], [435, 533], [595, 533], [515, 603], [595, 393], [515, 533], [595, 603], [515, 533], [595, 393], [435, 533], [595, 533], [515, 603], [595, 393]
[595, 393], [435, 533], [595, 533], [515, 603], [595, 393], [355, 393], [515, 463], [355, 393], [435, 463], [595, 393], [435, 533], [595, 533], [515, 603], [595, 393]
[515, 393], [355, 393], [515, 463], [355, 393], [595, 393], [435, 533], [595, 533], [515, 603], [595, 393], [515, 533], [595, 603], [515, 533]
[515, 393], [355, 393], [515, 463], [355, 393], [435, 463], [515, 533], [595, 603], [515, 533]
[515, 393], [355, 393], [515, 463], [355, 393], [435, 463], [355, 463], [355, 603], [355, 463]
[435, 603], [515, 533], [595, 603], [515, 533], [515, 533], [595, 603], [515, 533], [595, 393], [435, 533], [595, 533], [515, 603], [595, 393]
[515, 533], [595, 603], [515, 533], [595, 393], [435, 533], [595, 533], [515, 603], [595, 393], [515, 533], [595, 603], [515, 533], [595, 393], [435, 533], [595, 533], [515, 603], [595, 393]
[435, 393], [355, 393], [515, 463], [355, 393], [435, 463], [595, 393], [435, 533], [595, 533], [515, 603], [595, 393]
[515, 533], [595, 603], [515, 533], [435, 463], [355, 463], [355, 603], [355, 463], [595, 393], [435, 533], [595, 533], [515, 603], [595, 393]
[515, 393], [355, 393], [515, 463], [355, 393], [595, 393], [435, 533], [595, 533], [515, 603], [595, 393], [595, 393], [435, 533], [595, 533], [515, 603], [595, 393]
[515, 393], [355, 393], [515, 463], [355, 393], [435, 393], [355, 463], [355, 603], [355, 463]
[595, 393], [435, 533], [595, 533], [515, 603], [595, 393], [515, 533], [595, 603], [515, 533], [355, 393], [515, 463], [355, 393], [595, 393], [435, 533], [595, 533], [515, 603], [595, 393]
[435, 463], [515, 533], [595, 603], [515, 533], [595, 393], [435, 533], [595, 533], [515, 603], [595, 393], [595, 393], [435, 533], [595, 533], [515, 603], [595, 393]
[435, 393], [355, 393], [515, 463], [355, 393], [515, 533], [595, 603], [515, 533], [435, 463]
[355, 463], [355, 603], [355, 463], [355, 393], [515, 463], [355, 393], [435, 463], [515, 533], [595, 603], [515, 533]
[595, 393], [435, 533], [595, 533], [515, 603], [595, 393], [355, 393], [515, 463], [355, 393], [435, 393], [355, 463], [355, 603], [355, 463]
[595, 393], [435, 533], [595, 533], [515, 603], [595, 393], [355, 393], [515, 463], [355, 393], [435, 463], [515, 533], [595, 603], [515, 533]
[435, 603], [515, 533], [595, 603], [515, 533], [435, 463], [355, 463], [355, 603], [355, 463]
[595, 393], [435, 533], [595, 533], [515, 603], [595, 393], [515, 533], [595, 603], [515, 533], [515, 533], [595, 603], [515, 533], [435, 463]
[435, 393], [355, 393], [515, 463], [355, 393], [355, 463], [355, 603], [355, 463], [595, 393], [435, 533], [595, 533], [515, 603], [595, 393]
[595, 463], [355, 393], [515, 463], [355, 393], [435, 463], [595, 393], [435, 533], [595, 533], [515, 603], [595, 393]
[595, 463], [515, 393], [355, 393], [515, 463], [355, 393], [595, 393], [435, 533], [595, 533], [515, 603], [595, 393]
[435, 393], [355, 393], [515, 463], [355, 393], [435, 463], [515, 533], [595, 603], [515, 533]
[595, 393], [435, 533], [595, 533], [515, 603], [595, 393], [515, 533], [595, 603], [515, 533], [515, 533], [595, 603], [515, 533], [595, 393], [435, 533], [595, 533], [515, 603], [595, 393]
[355, 463], [355, 603], [355, 463], [355, 393], [515, 463], [355, 393], [435, 463], [595, 393], [435, 533], [595, 533], [515, 603], [595, 393]
[435, 393], [355, 393], [515, 463], [355, 393], [515, 533], [595, 603], [515, 533], [595, 393], [435, 533], [595, 533], [515, 603], [595, 393]
[515, 393], [355, 393], [515, 463], [355, 393], [435, 463], [595, 393], [435, 533], [595, 533], [515, 603], [595, 393]
[435, 463], [515, 533], [595, 603], [515, 533], [435, 603], [595, 393], [435, 533], [595, 533], [515, 603], [595, 393]
[435, 603], [515, 533], [595, 603], [515, 533], [435, 463], [595, 393], [435, 533], [595, 533], [515, 603], [595, 393]
[595, 463], [515, 533], [595, 603], [515, 533], [435, 463], [595, 393], [435, 533], [595, 533], [515, 603], [595, 393]
[595, 393], [435, 533], [595, 533], [515, 603], [595, 393], [515, 533], [595, 603], [515, 533], [435, 463], [355, 463], [355, 603], [355, 463]
[435, 603], [515, 533], [595, 603], [515, 533], [595, 463], [595, 393], [435, 533], [595, 533], [515, 603], [595, 393]
[515, 393], [595, 463], [515, 533], [595, 603], [515, 533], [595, 393], [435, 533], [595, 533], [515, 603], [595, 393]
[355, 393], [515, 463], [355, 393], [355, 463], [355, 603], [355, 463], [595, 393], [435, 533], [595, 533], [515, 603], [595, 393]
[595, 393], [435, 533], [595, 533], [515, 603], [595, 393], [515, 533], [595, 603], [515, 533], [355, 393], [515, 463], [355, 393]
[435, 603], [515, 533], [595, 603], [515, 533], [515, 533], [595, 603], [515, 533]
[515, 393], [355, 393], [515, 463], [355, 393], [435, 463]
[515, 533], [595, 603], [515, 533], [435, 463], [595, 393], [435, 533], [595, 533], [515, 603], [595, 393]
[515, 393], [355, 393], [515, 463], [355, 393], [595, 393], [435, 533], [595, 533], [515, 603], [595, 393]
[355, 393], [515, 463], [355, 393], [435, 463], [595, 393], [435, 533], [595, 533], [515, 603], [595, 393]
[435, 603], [515, 533], [595, 603], [515, 533], [435, 463]
[595, 463], [515, 533], [595, 603], [515, 533], [435, 463]
[435, 603], [515, 533], [595, 603], [515, 533], [595, 393], [435, 533], [595, 533], [515, 603], [595, 393]
[435, 393], [355, 393], [515, 463], [355, 393], [515, 533], [595, 603], [515, 533]
[355, 393], [515, 463], [355, 393], [595, 393], [435, 533], [595, 533], [515, 603], [595, 393], [355, 533]
[435, 603], [515, 533], [595, 603], [515, 533], [595, 463]
[595, 393], [435, 533], [595, 533], [515, 603], [595, 393], [515, 533], [595, 603], [515, 533], [435, 463]
[355, 463], [355, 603], [355, 463], [355, 393], [515, 463], [355, 393], [435, 463]
[435, 463], [355, 393], [515, 463], [355, 393], [435, 393]
[595, 463], [515, 533], [595, 603], [515, 533], [595, 393], [435, 533], [595, 533], [515, 603], [595, 393]
[595, 393], [435, 533], [595, 533], [515, 603], [595, 393], [515, 533], [595, 603], [515, 533], [515, 533], [595, 603], [515, 533]
[595, 393], [435, 533], [595, 533], [515, 603], [595, 393], [355, 393], [515, 463], [355, 393], [435, 463]
[595, 393], [435, 533], [595, 533], [515, 603], [595, 393], [355, 393], [515, 463], [355, 393], [595, 393], [435, 533], [595, 533], [515, 603], [595, 393]
[595, 463], [355, 393], [515, 463], [355, 393], [435, 463]
[435, 393], [355, 393], [515, 463], [355, 393], [435, 463]
[435, 393], [355, 393], [515, 463], [355, 393], [355, 463], [355, 603], [355, 463]
[515, 393], [595, 463], [515, 533], [595, 603], [515, 533]
[515, 533], [595, 603], [515, 533], [435, 463], [355, 463], [355, 603], [355, 463]
[515, 533], [595, 603], [515, 533], [595, 393], [435, 533], [595, 533], [515, 603], [595, 393], [595, 393], [435, 533], [595, 533], [515, 603], [595, 393]
[435, 463], [515, 533], [595, 603], [515, 533], [515, 533], [595, 603], [515, 533]
[435, 463], [515, 533], [595, 603], [515, 533], [435, 603]
[435, 393], [355, 393], [515, 463], [355, 393], [595, 393], [435, 533], [595, 533], [515, 603], [595, 393]
