3 1 7 1 2 5 13 5 6 11 16 11 4 10 12 15 4 4 10 12 15 4 11 16 11 4 10 12 15 4
3 1 7 1 2 1 7 1 6 11 16 11 4 10 12 15 4 4 10 12 15 4 11 16 11 4 10 12 15 4
3 1 7 1 2 5 13 5 6 11 16 11 4 10 12 15 4 4 10 12 15 4
3 1 7 1 2 1 7 1 6 11 16 11 4 10 12 15 4 4 10 12 15 4
2 1 7 1 6 4 10 12 15 4 11 16 11 8 4 10 12 15 4
4 10 12 15 4 3 1 7 1 4 10 12 15 4 4 10 12 15 4 11 16 11 4 10 12 15 4
4 10 12 15 4 1 7 1 4 10 12 15 4 4 10 12 15 4 11 16 11 4 10 12 15 4
8 11 16 11 4 10 12 15 4 4 10 12 15 4 11 16 11 4 10 12 15 4
3 1 7 1 4 10 12 15 4 4 10 12 15 4 11 16 11 4 10 12 15 4
4 10 12 15 4 11 16 11 1 7 1 4 10 12 15 4 11 16 11 4 10 12 15 4
2 1 7 1 6 4 10 12 15 4 11 16 11 8
6 11 16 11 4 10 12 15 4 4 10 12 15 4 11 16 11 4 10 12 15 4
3 1 7 1 2 5 13 5 4 10 12 15 4
5 13 5 1 7 1 6 11 16 11 4 10 12 15 4
3 1 7 1 6 5 13 5 4 10 12 15 4
2 1 7 1 6 11 16 11 8
3 1 7 1 4 10 12 15 4 11 16 11 4 10 12 15 4
4 10 12 15 4 11 16 11 6 5 13 5 4 10 12 15 4
8 11 16 11 4 10 12 15 4 11 16 11 4 10 12 15 4
4 10 12 15 4 11 16 11 1 7 1 4 10 12 15 4 11 16 11
14 11 16 11 6 5 13 5 4 10 12 15 4
11 16 11 4 10 12 15 4 4 10 12 15 4 11 16 11 4 10 12 15 4
4 10 12 15 4 1 7 1 2 5 13 5 4 10 12 15 4
4 10 12 15 4 1 7 1 4 10 12 15 4 11 16 11 4 10 12 15 4
3 1 7 1 6 11 16 11 4 10 12 15 4
4 10 12 15 4 3 1 7 1 6 11 16 11
3 1 7 1 6 11 16 11 8
2 1 7 1 6 11 16 11 4 10 12 15 4
2 1 7 1 11 16 11 6 4 10 12 15 4
4 10 12 15 4 3 1 7 1 4 10 12 15 4 4 10 12 15 4
4 10 12 15 4 11 16 11 1 7 1 4 10 12 15 4 9
4 10 12 15 4 1 7 1 6 11 16 11 4 10 12 15 4
14 11 16 11 4 10 12 15 4 11 16 11 4 10 12 15 4
4 10 12 15 4 1 7 1 6 4 10 12 15 4
3 1 7 1 4 10 12 15 4 11 16 11
3 1 7 1 6 11 16 11
3 1 7 1 6 5 13 5
14 11 16 11 11 16 11 4 10 12 15 4
11 16 11 4 10 12 15 4 11 16 11 4 10 12 15 4
2 1 7 1 6 4 10 12 15 4
11 16 11 6 5 13 5 4 10 12 15 4
3 1 7 1 4 10 12 15 4 4 10 12 15 4
3 1 7 1 2 5 13 5
4 10 12 15 4 11 16 11 1 7 1 4 10 12 15 4
6 11 16 11 4 10 12 15 4 4 10 12 15 4
2 1 7 1 11 16 11 6
5 13 5 1 7 1 6 11 16 11
4 10 12 15 4 1 7 1 2 5 13 5
4 10 12 15 4 1 7 1 6 11 16 11
14 11 16 11 6 5 13 5
4 10 12 15 4 11 16 11 11 16 11 6
2 1 7 1 5 13 5 4 10 12 15 4
8 1 7 1 6 4 10 12 15 4
8 3 1 7 1 4 10 12 15 4
2 1 7 1 6 11 16 11
4 10 12 15 4 11 16 11 11 16 11 4 10 12 15 4
5 13 5 1 7 1 6 4 10 12 15 4
2 1 7 1 11 16 11 4 10 12 15 4
3 1 7 1 6 4 10 12 15 4
6 11 16 11 14 4 10 12 15 4
14 11 16 11 6 4 10 12 15 4
8 11 16 11 6 4 10 12 15 4
4 10 12 15 4 11 16 11 6 5 13 5
14 11 16 11 8 4 10 12 15 4
3 8 11 16 11 4 10 12 15 4
1 7 1 5 13 5 4 10 12 15 4
4 10 12 15 4 11 16 11 1 7 1
14 11 16 11 11 16 11
3 1 7 1 6
11 16 11 6 4 10 12 15 4
3 1 7 1 4 10 12 15 4
1 7 1 6 4 10 12 15 4
14 11 16 11 6
8 11 16 11 6
14 11 16 11 4 10 12 15 4
2 1 7 1 11 16 11
1 7 1 4 10 12 15 4 9
14 11 16 11 8
4 10 12 15 4 11 16 11 6
5 13 5 1 7 1 6
6 1 7 1 2
8 11 16 11 4 10 12 15 4
4 10 12 15 4 11 16 11 11 16 11
4 10 12 15 4 1 7 1 6
4 10 12 15 4 1 7 1 4 10 12 15 4
8 1 7 1 6
2 1 7 1 6
2 1 7 1 5 13 5
3 8 11 16 11
11 16 11 6 5 13 5
11 16 11 4 10 12 15 4 4 10 12 15 4
6 11 16 11 11 16 11
6 11 16 11 14
2 1 7 1 4 10 12 15 4
